SessionID	User	Topic	Performance	Difficulty
22	S05	11	3	3
23	S05	22	4	3
24	S05	02	3	4
25	S05	29	3	3
27	S06	22	3	3
28	S06	02	4	1
29	S06	29	4	1
30	S06	11	3	3
32	S07	02	3	4
33	S07	29	4	1
34	S07	11	5	2
35	S07	22	3	2
37	S08	29	5	1
38	S08	11	5	1
39	S08	22	5	1
40	S08	02	3	3
42	S09	15	4	3
43	S09	03	3	4
44	S09	38	4	2
45	S09	10	2	5
47	S10	03	4	3
48	S10	38	2	3
49	S10	10	2	5
50	S10	15	3	2
52	S11	38	4	2
53	S11	10	1	4
54	S11	15	5	2
55	S11	03	4	2
57	S12	10	1	5
58	S12	15	4	3
59	S12	03	4	4
60	S12	38	5	1
62	S13	30	2	4
63	S13	33	4	3
64	S13	41	5	1
65	S13	37	4	1
67	S14	33	5	1
68	S14	41	5	2
69	S14	37	5	1
70	S14	30	3	2
72	S15	41	5	1
73	S15	37	4	2
74	S15	30	3	4
75	S15	33	5	1
77	S16	37	5	1
78	S16	30	5	1
79	S16	33	5	1
80	S16	41	5	1
82	S17	23	3	4
83	S17	04	3	3
84	S17	48	2	4
85	S17	46	4	4
87	S18	04	2	4
88	S18	48	3	3
89	S18	46	4	2
90	S18	23	4	2
92	S19	48	4	3
93	S19	46	4	3
94	S19	23	4	3
95	S19	04	3	3
97	S20	46	2	3
98	S20	23	5	1
99	S20	04	5	1
100	S20	48	3	3
102	S21	32	5	1
103	S21	40	4	4
104	S21	07	4	1
105	S21	05	4	4
107	S22	40	5	1
108	S22	07	5	1
109	S22	05	3	3
110	S22	32	4	3
112	S23	07	4	3
113	S23	05	4	2
114	S23	32	3	3
115	S23	40	3	3
117	S24	05	5	1
118	S24	32	3	4
119	S24	40	4	2
120	S24	07	3	3
